[SETTINGS]
WIDTH=0.835316181182861
LENGTH=1.90858387947083

