[DASH_CAM]
POS=0.001801,0.75,-0.275364
EXP=35
